01011100
00100000
11001100
01011100
00100000
11001100
01011100
00100000
11001100
01011100
00100000
11001100
01011100
00100000
11001100
01011100
00100000
11001100
01011100
00100000
11001100
01011100
00100000
11001100
01011100
00100000
11001100
01011100
00100000
11001100
00010010
00111001
11101011
01111001
00111110
00100100
01111001
00111110
00100100
01111001
00111110
00100100
01111001
00111110
00100100
01111001
00111110
00100100
01111001
00111110
00100100
01111001
00111110
00100100
01111001
00111110
00100100
01111001
00111110
00100100
01111001
00111110
00100100
11001111
11011101
00111010
00010111
11011101
00111010
00010111
11011101
00111010
00010111
11011101
00111010
00010111
11011101
00111010
00010111
11011101
00111010
00010111
11011101
00111010
00010111
11011101
00111010
00010111
11011101
00111010
00010111
11011101
00111010
00010111
10100000
00101011
10011101
01011010
01100110
10011101
01011010
01100110
10011101
01011010
01100110
10011101
01011010
01100110
10011101
01011010
01100110
10011101
01011010
01100110
10011101
01011010
01100110
10011101
01011010
01100110
10011101
01011010
01100110
10011101
01011010
01100110
11111010
10011001
01010110
11111111
10011001
01010110
11111111
10011001
01010110
11111111
10011001
01010110
11111111
10011001
01010110
11111111
10011001
01010110
11111111
10011001
01010110
11111111
10011001
01010110
11111111
10011001
01010110
11111111
10011001
01010110
11111111
11001110
01101110
00001000
01001111
01101110
00001000
01001111
01101110
00001000
01001111
01101110
00001000
01001111
01101110
00001000
01001111
01101110
00001000
01001111
01101110
00001000
01001111
01101110
00001000
01001111
01101110
00001000
01001111
01101110
00001000
01001111
01010011
11001000
10010111
01010011
11001000
10010111
01010011
11001000
10010111
01010011
11001000
10010111
01010011
11001000
10010111
01010011
11001000
10010111
01010011
11001000
10010111
01010011
11001000
10010111
01010011
11001000
10010111
01010011
11001000
10010111
10111000
01100110
10011111
10111000
01100110
10011111
10111000
01100110
10011111
10111000
01100110
10011111
10111000
01100110
10011111
10111000
01100110
10011111
10111000
01100110
10011111
10111000
01100110
10011111
10111000
01100110
10011111
10111000
01100110
10011111
10100000
10011100
10110110
00111001
00100010
10100000
11111001
00100010
10100000
11111001
00100010
10100000
11111001
00100010
10100000
11111001
00100010
10100000
11111001
00100010
10100000
11111001
00100010
10100000
11111001
00100010
10100000
11111001
00100010
10100000
11111001
00100010
10100000
11111001
01111111
01110010
11111000
10001111
01100110
01001001
10001111
01100110
01001001
10001111
01100110
01001001
10001111
01100110
01001001
10001111
01100110
01001001
10001111
01100110
01001001
10001111
01100110
01001001
10001111
01100110
01001001
10001111
01100110
01001001
10001111
01100110
01001001
10111111
10100110
00010100
01011110
10111101
00010100
01011110
10111101
00010100
01011110
10111101
00010100
01011110
10111101
00010100
01011110
10111101
00010100
01011110
10111101
00010100
01011110
10111101
00010100
01011110
10111101
00010100
01011110
10111101
00010100
01011110
10111101
11110100
01011110
01101001
11110100
01011110
01101001
11110100
01011110
01101001
11110100
01011110
01101001
11110100
01011110
01101001
11110100
01011110
01101001
11110100
01011110
01101001
11110100
01011110
01101001
11110100
01011110
01101001
11110100
01011110
01101001
10011110
00011111
01011001
10011110
00011111
01011001
10011110
00011111
01011001
10011110
00011111
01011001
10011110
00011111
01011001
10011110
00011111
01011001
10011110
00011111
01011001
10011110
00011111
01011001
10011110
00011111
01011001
10011110
00011111
01011001
01110010
01111000
01101011
10010111
01111000
01101011
10010111
01111000
01101011
10010111
01111000
01101011
10010111
01111000
01101011
10010111
01111000
01101011
10010111
01111000
01101011
10010111
01111000
01101011
10010111
01111000
01101011
10010111
01111000
01101011
10010111
11111101
00001001
01110101
11111101
00001001
01110101
11111101
00001001
01110101
11111101
00001001
01110101
11111101
00001001
01110101
11111101
00001001
01110101
11111101
00001001
01110101
11111101
00001001
01110101
11111101
00001001
01110101
11111101
00001001
01110101
01001010
01011100
11100010
00011100
00110000
11100010
00011100
00110000
11100010
00011100
00110000
11100010
00011100
00110000
11100010
00011100
00110000
11100010
00011100
00110000
11100010
00011100
00110000
11100010
00011100
00110000
11100010
00011100
00110000
11100010
00011100
00110000
01110011
11100110
11110111
10001110
01100000
01101100
10001110
01100000
01101100
10001110
01100000
01101100
10001110
01100000
01101100
10001110
01100000
01101100
10001110
01100000
01101100
10001110
01100000
01101100
10001110
01100000
01101100
10001110
01100000
01101100
10001110
01100000
01101100
01111111
11000101
00000101
01111111
11000101
00000101
01111111
11000101
00000101
01111111
11000101
00000101
01111111
11000101
00000101
01111111
11000101
00000101
01111111
11000101
00000101
01111111
11000101
00000101
01111111
11000101
00000101
01111111
11000101
00000101
01000000
01111101
01011100
01000000
01111101
01011100
01000000
01111101
01011100
01000000
01111101
01011100
01000000
01111101
01011100
01000000
01111101
01011100
01000000
01111101
01011100
01000000
01111101
01011100
01000000
01111101
01011100
01000000
01111101
01011100
01110100
01011001
11100000
01110100
01011001
11100000
01110100
01011001
11100000
01110100
01011001
11100000
01110100
01011001
11100000
01110100
01011001
11100000
01110100
01011001
11100000
01110100
01011001
11100000
01110100
01011001
11100000
01110100
01011001
11100000
01001111
00101011
11101101
01001111
00101011
11101101
01001111
00101011
11101101
01001111
00101011
11101101
01001111
00101011
11101101
01001111
00101011
11101101
01001111
00101011
11101101
01001111
00101011
11101101
01001111
00101011
11101101
01001111
00101011
11101101
10111110
11001000
11101110
01010111
11001000
11101110
01010111
11001000
11101110
01010111
11001000
11101110
01010111
11001000
11101110
01010111
11001000
11101110
01010111
11001000
11101110
01010111
11001000
11101110
01010111
11001000
11101110
01010111
11001000
11101110
01010111
00110010
00111101
01101011
00110010
00111101
01101011
00110010
00111101
01101011
00110010
00111101
01101011
00110010
00111101
01101011
00110010
00111101
01101011
00110010
00111101
01101011
00110010
00111101
01101011
00110010
00111101
01101011
00110010
00111101
01101011
00011000
11111010
10001001
00011000
11111010
10001001
00011000
11111010
10001001
00011000
11111010
10001001
00011000
11111010
10001001
00011000
11111010
10001001
00011000
11111010
10001001
00011000
11111010
10001001
00011000
11111010
10001001
00011000
11111010
10001001
00100111
01001001
11111001
10101001
01010101
01100000
10101001
01010101
01100000
10101001
01010101
01100000
10101001
01010101
01100000
10101001
01010101
01100000
10101001
01010101
01100000
10101001
01010101
01100000
10101001
01010101
01100000
10101001
01010101
01100000
10101001
01010101
01100000
10101111
01000001
00000110
10101111
01000001
00000110
10101111
01000001
00000110
10101111
01000001
00000110
10101111
01000001
00000110
10101111
01000001
00000110
10101111
01000001
00000110
10101111
01000001
00000110
10101111
01000001
00000110
10101111
01000001
00000110
01101100
10101010
00101010
11000010
10101010
00101010
11000010
10101010
00101010
11000010
10101010
00101010
11000010
10101010
00101010
11000010
10101010
00101010
11000010
10101010
00101010
11000010
10101010
00101010
11000010
10101010
00101010
11000010
10101010
00101010
11000010
00011001
10101101
01001011
01010110
10101101
01001011
01010110
10101101
01001011
01010110
10101101
01001011
01010110
10101101
01001011
01010110
10101101
01001011
01010110
10101101
01001011
01010110
10101101
01001011
01010110
10101101
01001011
01010110
10101101
01001011
01010110
01110101
01101111
00010011
01110101
01101111
00010011
01110101
01101111
00010011
01110101
01101111
00010011
01110101
01101111
00010011
01110101
01101111
00010011
01110101
01101111
00010011
01110101
01101111
00010011
01110101
01101111
00010011
01110101
01101111
00010011
11110011
00000111
01100110
00000000
11000110
01100110
00000000
11000110
01100110
00000000
11000110
01100110
00000000
11000110
01100110
00000000
11000110
01100110
00000000
11000110
01100110
00000000
11000110
01100110
00000000
11000110
01100110
00000000
11000110
01100110
00000000
11000110
01010110
00100111
00101100
01010110
00100111
00101100
01010110
00100111
00101100
01010110
00100111
00101100
01010110
00100111
00101100
01010110
00100111
00101100
01010110
00100111
00101100
01010110
00100111
00101100
01010110
00100111
00101100
01010110
00100111
00101100
01101000
00110010
00000011
01101000
00110010
00000011
01101000
00110010
00000011
01101000
00110010
00000011
01101000
00110010
00000011
01101000
00110010
00000011
01101000
00110010
00000011
01101000
00110010
00000011
01101000
00110010
00000011
01101000
00110010
00000011
00100101
11111110
00100000
00010111
00000000
00100000
00010111
00000000
00100000
00010111
00000000
00100000
00010111
00000000
00100000
00010111
00000000
00100000
00010111
00000000
00100000
00010111
00000000
00100000
00010111
00000000
00100000
00010111
00000000
00100000
00010111
00000000
01100011
